# Exact bilinear matrix-multiplication certificate over GF(2)
# tensor <8,8,8>: (8x8) times (8x8) -> (8x8)
# rank 329 = 47 * 7 field-aware tensor composition
329
513 513 2203318231569
768 1 3298534896384
1 514 2207613198882
512 257 1103806599441
3 512 12884901939
257 3 2199023264256
514 768 4294967313
2052 33619968 144396663052599873
3072 65536 216172782113833728
4 33685504 144678138029310594
2048 16842752 72339069014655297
12 33554432 844424930132163
1028 196608 144115188075889152
2056 50331648 281474976710721
8208 2203318222848 33622533
12288 4294967296 50335488
16 2207613190144 33688074
8192 1103806595072 16844037
48 2199023255552 196623
4112 12884901888 33556992
8224 3298534883328 65541
32832 144396663052566528 3032481955784534613
49152 281474976710656 4539856027373338368
64 144678138029277184 3038393226653510314
32768 72339069014638592 1519196613326755157
192 144115188075855872 17733812606927103
16448 844424930131968 3026570684915558912
32896 216172782113783808 5911270868975701
33619968 9385818351508430928 35253663105024
50331648 18295942205669456 52777413771264
65536 9404114293714100384 35322383695872
33554432 4702057146857050192 17661191847936
196608 9367522409302761472 206161772544
16842752 54887826617008368 35184942514176
33685504 14051283613954142208 68720590848
134479872 2454884286949490688 9241386437549555712
201326592 4785349487230976 13835058058553720832
262144 2459669636436721664 9259400836063297536
134217728 1229834818218360832 4629700418031648768
786432 2450098937462259712 54043195541225472
67371008 14356048461692928 9223372039035813888
134742016 3675148406193389568 18014398513741824
537927696 178470961357329 33619968
805318656 347896610833 50331648
1048592 178818857968162 33685504
536879104 89409428984081 16842752
3145776 178123064746496 196608
269488144 1043689832499 33554432
538976288 267184597119744 65536
571547664 35253091574289 33628176
855650304 68719476753 50343936
1114128 35321811051042 33693728
570433536 17660905525521 16846864
3342384 35184372097536 196656
286330896 206158430259 33562624
572661792 52776558146304 65552
672407568 141014551560192 33652800
1006645248 274882166784 50380800
1310736 141289433726976 33718400
671096832 70644716863488 16859200
3932208 140739669393408 196800
336859152 824646500352 33587200
673718304 211109504090112 65600
2151710784 11696129707795841088 9241421691179040768
3221274624 22799473114611776 13835110835917160448
4194368 11718929180910452864 9259436158413307904
2147516416 5859464590455226432 4629718079206653952
12583104 11673330234681229312 54043401702801408
1077952576 68398419343835328 9223407223944773632
2155905152 17509995352021843968 18014467234267136
2185330752 9385783098416857152 176268181078080
3271606272 18295873486192704 263886867578880
4259904 9404078971903049856 176611783770240
2181070848 4702039485951524928 88305891885120
12779712 9367487224930664448 1030808076480
1094795328 54887620458578112 175924578385920
2189590656 14051230837395996672 343602692160
2286190656 2454743272431550464 11551733046928547856
3422601216 4785074605129728 17293822573179580416
4456512 2459528347036680192 11574251045070708768
2281734144 1229764173518340096 5787125522535354384
13369536 2449958197826420736 67553994426482736
1145323584 14355223815389184 11529215048786386944
2290647168 3674937296739631104 22517998142160912
2203318223361 11018776447557 2203318222848
3298534884096 21479096389 3298534883328
4294967297 11040255543946 2207613190144
2199023256064 5520127771973 1103806595072
12884901891 10997297351168 12884901888
1103806595329 64437289167 2199023255552
2207613190658 16495946026752 4294967296
8813272891392 721983317549023296 9241529651048742912
13194139533312 1407374888009792 13835272460049580032
17179869184 723390692437033088 9259544328731099136
8796093022208 361695346218516544 4629772164365549568
51539607552 720575942661013504 54044033047068672
4415226380288 4222124664029376 9223514973366386688
8830452760576 1080863913991520256 18014677682356224
11016591114753 2185330752 2203318255680
16492674417408 4259904 3298534932480
21474836481 2189590656 2207613223040
10995116278272 1094795328 1103806611520
64424509443 2181070848 12884902080
5519032975617 12779712 2199023288320
11038065951234 3271606272 4294967360
11017263524373 2185297920 32832
16493681065728 4259840 49152
21476147221 2189557760 32896
10995787377152 1094778880 16448
64428441663 2181038080 192
5519369835797 12779520 32768
11038739671594 3271557120 64
11018776444992 32832 176265457860672
16495946022912 64 263882790715392
21479096384 32896 176609055244416
10997297348608 16448 88304527622208
64437289152 32768 1030792151232
5520127770688 192 175921860476928
11040255541376 49152 343597383744
35253091565568 9385932924055980036 11016725594112
52776558133248 18296165543968772 16492875743232
68719476736 9404229089599948808 11038200692736
35184372088832 4702114544799974404 5519100346368
206158430208 9367636758512011264 64425295872
17660905521152 54888496631906316 10995250495488
35321811042304 14051455137768016896 21475098624
37456409788929 11016591116292 2203318224900
56075093017344 21474836484 3298534886400
73014444033 11038065952776 2207613192200
37383395344896 5519032976388 1103806596100
219043332099 10995116279808 12884901900
18764712116481 64424509452 2199023257600
37529424232962 16492674419712 4294967300
141012366295104 9963510763127832576 9241538464456114176
211106232582144 19422048271204352 13835285654390439936
274877907008 9982932811399036928 9259553159318601728
140737488388096 4991466405699518464 4629776579659300864
824633721024 9944088714856628224 54044084587462656
70643622101056 58266144813613056 9223523769593626624
141287244202112 14916133072284942336 18014694862487552
149825639186496 721983315397312512 9819125116531902468
224300372115456 1407374883815424 14699976782644251648
292057776192 723390690281127936 9838265711300970504
149533581410304 361695345140563968 4919132855650485252
876173328576 720575940513497088 57421784307204108
75058848481344 4222124651446272 9799984521762834432
150117696962688 1080863910770245632 19140594769068036
176265457860672 9385924110783086592 152031243567168
263882790715392 18296148364099584 227602329550848
343597383744 9404220259147186176 152327600767104
175921860476928 4702110129573593088 76163800383552
1030792151232 9367627962418987008 889071599808
88304527622208 54888445092298752 151734886367232
176609055244416 14051441943628480512 296357199936
176266130260032 141012366262272 2286190656
263883797348352 274877906944 3422601216
343598694464 141287244169216 2290647168
175922531565568 70643622084608 1145323584
1030796083392 140737488355328 13369536
88304864477248 824633720832 2281734144
176609728954496 211106232532992 4456512
176267643158592 9385783098416824320 176267744018496
263886062272512 18295873486192640 263886213267456
343601643584 9404078971903016960 176611345858688
175924041515008 4702039485951508480 88305672929344
1030804930752 9367487224930631680 1030805520576
88305622401088 54887620458577920 175924142178304
176611244802176 14051230837395947520 343601840192
144396663052566528 721983315800762388 2454778524985196544
216172782113783808 1407374884601876 3674990072492457984
281474976710656 723390690685364264 2459563668308754432
144115188075855872 361695345342682132 1229781834154377216
844424930131968 720575940916160512 14355429970673664
72339069014638592 4222124653805628 2449993381661638656
144678138029277184 1080863911374240768 4785143323557888
144398866404409344 43092 35253091565568
216176080698998784 84 52776558133248
281479271743488 43176 35321811042304
144117387132665856 21588 17660905521152
844437815230464 43008 206158430208
72340172838076416 252 35184372088832
144680345676152832 64512 68719476736
144405478477168704 721983315800784960 9241421688455823360
216185979474591744 1407374884601920 13835110831840296960
281492160774208 723390690685386880 9259436155684782080
144123986316394496 361695345342693440 4629718077842391040
844476482322624 720575940916183040 54043401686876160
72343485318971456 4222124653805760 9223407221226864640
144686970637942912 1080863911374274560 18014467228958720
577586652210268164 11017297142289 144396663052566528
864691128455138304 21476212753 216172782113783808
1125899906842628 11038773355042 144678138029277184
576460752303425536 5519386677521 72339069014638592
3377699720527884 10995820929536 844424930131968
289356276058555396 64428638259 144115188075855872
578712552117110792 16493731394304 281474976710656
577595465617637376 2824077312 9241386435364257792
864704322795995136 5505024 13835058055282163712
1125917086973952 2829582336 9259400833873739776
576469548530663424 1414791168 4629700416936869888
3377751260921856 2818572288 54043195528445952
289360691352305664 16515072 9223372036854775808
578721382704611328 4227858432 18014398509481984
721983315262834692 537928209 144396663052574736
1080863910568922112 1048593 216172782113796096
1407374883553284 538976802 144678138029285408
720575940379281408 269488401 72339069014642704
4222124650659852 536879616 844424930132016
361695345073193988 3145779 144115188075864064
723390690146387976 805319424 281474976710672
721983315834382869 8721 8208
1080863911424573184 17 12288
1407374884667413 8738 8224
720575940949715456 4369 4112
4222124654002239 8704 48
361695345359525141 51 8192
723390690719050282 13056 16
721983317549023296 537919488 11551733044205330448
1080863913991520256 1048576 17293822569102716928
1407374888009792 538968064 11574251042342182944
720575942661013504 269484032 5787125521171091472
4222124664029376 536870912 67553994410557488
361695346218516544 3145728 11529215046068477952
723390692437033088 805306368 22517998136852496
2310346608841064448 2454787338392567808 721983315397312512
3458764513820540928 4785160503689216 1080863910770245632
4503599627370496 2459572498896257024 723390690281127936
2305843009213693952 1229786249448128512 361695345140563968
13510798882111488 2450002177888878592 4222124651446272
1157425104234217472 14355481511067648 720575940513497088
2314850208468434944 3675003266833317888 1407374883815424
2310381862470549504 185078730719232 134479872
3458817291183980544 360777252864 201326592
4503668347895808 185439507972096 134742016
2305878194122653696 92719753986048 67371008
13511005043687424 184717953466368 786432
1157442765409222656 1082331758592 134217728
2314885530818445312 277076930199552 262144
2310487621341839424 2454884284394373120 9241386435498737664
3458975620254449664 4785349482250240 13835058055483490304
4503874505539648 2459669633876623360 9259400834008481792
2305983746836299776 1229834816938311680 4629700417004240896
13511623516618944 2450098934912122880 54043195529232384
1157495747923689536 14356048446750720 9223372036988993536
2314991495847379072 3675148402368184320 18014398509744128
2887933261051332612 11016725594112 144396663052568580
4323455642275679232 21475098624 216172782113786880
5629499534213124 11038200692736 144678138029279240
2882303761517119488 5519100346368 72339069014639620
16888498602639372 10995250495488 844424930131980
1446781380292772868 64425295872 144115188075857920
2893562760585545736 16492875743232 281474976710660
2887970717461129749 11016591114240 2052
4323511717368708864 21474836480 3072
5629572548657173 11038065950720 2056
2882341144912472576 5519032975360 1028
16888717645971519 10995116277760 12
1446800145004893461 64424509440 2048
2893600290009786922 16492674416640 4
2888083086690517056 134479872 9818973087574525956
4323679942647791616 262144 14699749183737302016
5629791591989312 134742016 9838113385990850568
2882453295098527744 67371008 4919056692995425284
16889374775967936 134217728 57420895248973836
1446856439141253184 786432 9799832789158201344
2893712878282506368 201326592 19140298416324612
9241386435364290624 3032365177195464708 3032365177329942528
13835058055282212864 5911043230400516 4539681201148919808
18014398509482048 3038276220425865224 3038276220560605184
9223372036854808576 1519138110212932612 1519138110280302592
54043195528446144 3026454133965064192 17733129691987968
4629700416936886336 17733129691201548 3026454134099279872
9259400833873772672 4539681200947596288 5911043230662656
9241421688489476160 9385818351508391940 35253226045440
13835110831890677760 18295942205669380 52776759459840
18014467229024320 9404114293714061320 35321945784320
9223407221260451840 4702057146857030660 17660972892160
54043401687072960 9367522409302722560 206159216640
4629718077859250240 54887826617008140 35184506306560
9259436155718500480 14051283613954083840 68719738880
9241527449882198016 12129319696415588352 9241421688590303232
13835269164735922176 23643898043695104 13835110832041623552
18014673391583232 12152963594459283456 9259436155819524096
9223512776490614784 6076481797229641728 4629718077909762048
54044020174749696 12105675798371893248 54043401687662592
4629771061636890624 70931694131085312 9223407221361082368
9259542123273781248 18158513697557839872 18014467229220864
9385783098416857152 721983315262834692 3032373990468356100
14051230837395996672 1407374883553284 4539694395087129600
18295873486192704 723390690146387976 3038285050878625800
9367487224930664448 361695345073193988 1519142525439312900
54887620458578112 720575940379281408 17733181230809100
4702039485951524928 4222124650659852 3026462930058086400
9404078971903049856 1080863910568922112 5911060410269700
9385820554826645568 2052 44066364459012
14051286912489013248 4 65970697669632
18295946500636736 2056 44152263804936
9367524608326008832 1028 22076131902468
54887839501910208 2048 257698037772
4702058250663641152 12 43980465113088
9404116501327282304 3072 85899345924
9385932924056010816 721983315262832640 9819017153938982916
14051455137768062976 1407374883553280 14699815154434968576
18296165543968832 723390690146385920 9838157538254653448
9367636758512041984 361695345073192960 4919078769127326724
54888496631906496 720575940379279360 57421152947011596
4702114544799989824 4222124650659840 9799876769623312384
9404229089599979648 1080863910568919040 19140384315670532
11551733044205355072 2454778524985196544 3032329924776304656
17293822569102753792 4785143323557888 4539628425396105216
22517998136852544 2459563668308754432 3038240899288539168
11529215046068502528 1229781834154377216 1519120449644269584
67553994410557632 2449993381661638656 17732923536703536
5787125521171103808 14355429970673664 3026418950264070144
11574251042342207616 3674990072492457984 5910974512234512
11551733044776894528 35253091565568 672407568
17293822569958391808 68719476736 1006645248
22517998137966656 35321811042304 673718304
11529215046638927872 17660905521152 336859152
67553994413899968 35184372088832 3932208
5787125521457430592 206158430208 671096832
11574251042914861184 52776558133248 1310736
11551733046491512896 2454743271893630976 11551733044877729808
17293822572525305856 4785074604081152 17293822570109349888
22517998141308992 2459528346497712128 11574251043015893024
11529215048350203904 1229764173248856064 5787125521507946512
67553994423926976 2449958197289549824 67553994414489648
5787125522316410944 14355223812243456 11529215046739566592
11574251044632821888 3674937295934324736 22517998138163216
