# Exact bilinear matrix-multiplication certificate over GF(2)
# tensor <8,12,12>: (8x12) times (12x12) -> (8x12)
# rank 705 = 47 * 15 tensor composition
705
4097 16777219 1152921504607113216
1 4101 1153202979583823937
8192 24578 2306405959167647874
8194 33566720 562949953421442
16384 100663300 4611686018428452864
4 83902464 1125899906842884
12288 2 3458764513821339648
3 4096 844424930132163
8193 4098 1153484454560534658
24582 33554432 6917529027642679296
6 16384 6919217877502943622
8198 33570816 6918091977596100738
20485 16777216 1407374883553605
20480 4 5766014897919119685
20481 16777220 1154328879490666821
32776 1152921710765277184 19342813113834066797400064
8 281818574094336 19347535480316936442614273
65536 1688987299217408 38695070960633872885228546
65552 2306687434143825920 9444732965739290428418
131072 6917529302518988800 77371252455336267189600256
32 5765733422941077504 18889465931478580856836
98304 137438953472 58028439341502200392200192
24 281474976710656 14167099448608935642627
65544 281612415664128 19352257846799806087828482
196656 2305843009213693952 116056878683004400784400384
48 1125899906842624 116085212881901618655685638
65584 2306968909120536576 116066323415970140074828802
163880 1152921504606846976 23611832414348226071045
163840 274877906944 96737677401584682213071365
163848 1152921779484753920 19366424946248415023471109
262208 79228176681363786202479591424 68719513600
64 19366424946248415021367296 68736290825
524288 116066323415970140062220288 137472581650
524416 158514353467870177387473797120 33554450
1048576 475368993975051957039844556800 274878054400
256 396218183823777024234900946944 67108900
786432 9444732965739290427392 206158540800
192 19342813113834066795298816 50331675
524352 19352257846799806085726208 68753068050
1573248 158456325028528675187087900672 412317081600
384 77371252455336267181195264 412417744950
524672 158533696280984011454269095936 412350636050
1311040 79228162514264337593543950336 83886125
1310720 18889465931478580854784 343681454125
1310784 79228181403730269072124805120 68803399725
2097664 5444518844290676390694174068376353112064 1412025957982030427364560896
512 1330850588553208006537722840383225856 1412370690881928384011866697
4194304 7976017011816812090876408673723219968 2824741381763856768023733394
4195328 10893023425457385578446698858997423800320 689465799795913294611602
8388608 32667108522484307126190869446073830604800 5648103831928121709458243584
2048 27227906265658216740561583822782578294784 1378931599591826589223204
6291456 649037107316853453566312041152512 4236077873946091282093682688
1536 1329227995784915872903807060280344576 1034198699693869941917403
4194816 1329877032892232726357373372321497088 1412715423781826340659172498
12585984 10889035741470030830827987437816582766592 8472155747892182564187365376
3072 5316911983139663491615228241121378304 8474224145291570304071200182
4197376 10894352653453170494319602666057704144896 8472845213691978477481976978
10488320 5444517870735015415413993718908291383296 1723664499489783236529005
10485760 1298074214633706907132624082305024 7061853454409641920059333485
10486272 5444519168809230049120900851532373688320 1413749622481520210601089901
68736253952 2793038167126187591733718579394037504018112 73786980761604194304
16777216 682726351929035158550411715677964733248 73804995161204195328
137438953472 4091696727069452847318219738584008098944 147609990322408390656
137472507904 5588121017269783720365100206018496067010560 36028799200002048
274877906944 16758226672064873171350319351086483133958400 295147923046416777216
67108864 13967915914308023151672814230638544653647872 72057598400004096
206158430208 332956036054150284589325391698592896 221360942284812582912
50331648 681893961838899782838938402198718251008 54043198800003072
137455730688 682226917874953933123527727590416843904 73823009560804196352
412417523712 5586075335384267021016583390811899912257536 442721884569625165824
100663296 2727575847355599131355753608794873004032 442829970967225171968
137539616768 5588802911231622620147939144420694785261568 442757913368825167872
343681269760 2793037667692133510508291695405949956128768 90071998000005120
343597383680 665912072108300569178650783397185792 369024975806020976640
343614160896 2793038333604205618808860874056733353314560 73877052759604199424
549890031616 353893724919458791856643655885533302751232 9903520314283077452284559360
134217728 86505288265874129997593500614528073728 9905938165922306719240683520
1099511627776 518441105827518743496916132188215312384 19811876331844613438481367040
1099780063232 708046522735889411575913608619285974876160 4835703278458533912248320
2199023255552 2123362054204868888121617612877450339942400 39614081257132309809138237440
536870912 1769813907470647798257597847340750934638592 9671406556917067824496640
1649267441664 42187411980431177760347964210937856 29710560942849232356853678080
402653184 86399819735923052053192630704000729088 7253554917687800868372480
1099645845504 86442007147903483230952978668211666944 9908356017561535986196807680
3299340189696 707787323276681642419754030727173972688896 59421121885698464713707356160
805306368 345599278943692208212770522816002916352 59435628995533840315444101120
1100316934144 708132922555625334627966801249989975605248 59425957588976923247619604480
2749450158080 353893661638340821209877015363586986344448 12089258196146334780620800
2748779069440 84374823960862355520695928421875712 49529690829611533596203417600
2748913287168 353893746013164782072232536059515408220160 9915609572479223787065180160
4399120515136 45714657945738353476454401966275 68719476736
1073741888 11174427194129908395839590725 68736253952
8796093546496 66970268611881221300401234050 137472507904
8798241030272 91462781952144423006290345472000 33554432
17592187092992 274287909527153671744189093642500 274877906944
4294967552 228617892069277164229512072806400 67108864
13194140319744 5449610921302076759736450 206158430208
3221225664 11160803166826653203940249600 50331648
8797167288384 11166252777747955280699986050 68753031168
26394723090816 91429299542643943046678524723200 412316860416
6442451328 44643212667306612815760998400 412417523712
8802535997824 91473942755311249659494285721600 412350414848
21995602575680 45714649771321971523339262361600 83886080
21990233866240 10899221842604153519472900 343681269760
21991307608128 45714660670543814127492781834500 68803362816
4467856769088 5070603307607282316959784370371 68719738880
1090519104 1239451196559898561367773509 68736516160
8933532499968 7428244698622088963983696002 137473032320
8935713538176 10144918621943691352800504852480 33554560
17867064999936 30423615614403325250556594749700 274878955520
4362076416 25357963764721729551039114264576 67109120
13400298749952 604462909807314587353218 206159216640
3271557312 1237940039285380274899390464 50331840
8934623019072 1238544502195187589486743682 68753293440
26807140614528 10141204801825835211975806681088 412318433280
6543114624 4951760157141521099597561856 412419096960
8940075614592 10146156561982976733075404242944 412351987840
22339283845440 5070602400912917605987903340544 83886400
22333831249920 1208925819614629174706436 343682580800
22334921769024 5070603609838737220617078046980 68803625280
4949010546752 40564826461449707373292138004480 68721573888
1207959616 9915609572623761419450449920 68738351616
9895605174272 59425957589843162196355317760 137476703232
9898021093504 81159348976732861476102366822400 33555456
19791210348544 243388924918775294536592654336000 274886295552
4831838464 202863710120731657654238057594880 67110912
14843407761408 4835703278529022881955840 206164721664
3623878848 9903520314427438862245560320 50333184
9896813133888 9908356017705967885127516160 68755129344
29694063280512 81129638415789579159515630141440 412329443328
7247757696 39614081257709755448982241280 412430109696
9902852931968 81169252497047288914964612382720 412362998784
24745052733760 40564819207894789579757815070720 83888640
24739012935680 9671406557058045763911680 343691758080
24740220895296 40564828879301346637803578982400 68805462528
35192964121088 3141487373155720277430612224442653313336832 9903520388070058145169276928
8589935104 767900789595201019772284115289865456128 9905938239727301811708624896
70368748371968 4602161815818300576435795899925460419584 19811876479454603623417249792
70385928242176 6285274516488911478763892869637315923804160 4835703314487333078695936
140737496743936 18848921617473445211812574392260013013862400 39614081552280232580677107712
34359740416 15710501915284791059304402872684658863112192 9671406628974666157391872
105553122557952 374494410921824442707770843838022656 29710561164210174435507830784
25769805312 766964553567896458665514688180270399488 7253554971730999618043904
70377338307072 767339047978818283108222459024108422144 9908356091384545478247972864
211157784726528 6282973622828207789387896325572775112605696 59421122328420348871015661568
51539610624 3067858214271585834662058752721081597952 59435629438363810870251749376
70420287982592 6286041481042479375222558384325496194203648 59425958031734836204094357504
175964820605440 3141486811414103894693948162786387556302848 12089258286218332696739840
175921870929920 748988821843648885415541687676045312 49529691198636509058543124480
175930460865024 3141487560402925738342833578328075232348160 9915609646356276477866016768
35261700375040 2793038167121116988426111297077077736424960 664082826304684032000
8606712320 682726351927795707353851817116596963840 664244955900949824000
70506187325440 4091696727062024602619597649620024427520 1328489911801899648000
70523400750080 5588121017259638801743156514665695595724800 324259192531584000
141012374650880 16758226672034449555735916025835926639872000 2656331305218736128000
34426849280 13967915914282665187908092501087505623285760 648518385063168000
105759280988160 332956036053545821679518077111239680 1992248478914052096000
25820136960 681893961837661842799653021923818864640 486388788797376000
70514794037760 682226917873715388621332540000930104320 664407085497215616000
211570202250240 5586075335374125816214757555599924139130880 3984496957828104192000
51640273920 2727575847350647371198612087695275458560 3985469735405698944000
70557827599360 5588802911221476463585956167687619414589440 3984821217020635776000
176308501875200 2793037667687062908107378777799962069565440 810647981328960000
176265468313600 665912072107091643359036154222479360 3321224779504749120000
176274075025920 2793038333599135015199022136836116292044800 664893474286012992000
35742854152704 353893724878893965395195101433951930023936 11141460353568462125230456832
8724152832 86505288255958520424970021013651718144 11144180436662595050553999424
71468259999744 518441105768092785907074658979159212032 22288360873325190101107998848
71485708305408 708046522654730062599183053830617751879680 5440166188265850647085184
142936519999488 2123362053961479963202849235870160204595200 44565841414273848500921827328
34896611328 1769813907267784088136871955419935818121216 10880332376531701294170368
107202389999616 42187411975595474481819078767935488 33424381060705386375691370496
26172458496 86399819726019531738765473316731879424 8160249282398775970627776
71476984152576 86442007137995127213247292395499814912 11146900519756727975877542016
214457124916224 707787323195552004003966757410667556241408 66848762121410772751382740992
52344916992 345599278904078126955061893266927517696 66865082619975570303323996544
71520604916736 708132922474456082130921819303934483759104 66854202287599038602029826176
178714270763520 353893661597776002001983378705333778120704 13600415470664626617712960
178670649999360 84374823951190948963638157535870976 55720902183312975252769997120
178679374152192 353893745972599953192932342343491313991680 11155060769039126751848169792
1153202979583561729 713053590723722913453644449307 1152921504606846976
281474976710657 174297824660808663704836653 1153202979583557632
2305843009213702144 1044596911610181745071318034 2306405959167115264
2306405959167123458 1426629182394162250220535132160 562949953421312
4611686018427404288 4278320949324160145603287844900 4611686018427387904
1125899906842628 3565963657371814464126594465792 1125899906842624
3458764513820553216 85002596762159796978706 3458764513820540928
844424930131971 174085318168903264212389888 844424930131968
2306124484190412801 174170320765665424009368594 1153484454560268288
6919217877501370374 1426106926439655540427897962496 6917529027641081856
1688849860263942 696341272675613056849559552 6919217877501345792
2307531859073966086 1426803267712331153484747522048 6918091977594503168
5766014897917808645 713053463219827770213948981248 1407374883553280
5764607523034255360 170005193524319593957412 5766014897917788160
5764888998010966017 713053633225021294533542938660 1154328879490400256
9225623836668461056 49000669598616087516847085904993712080384 9903520905731774062505492480
2251799813685248 11977655296978872058986051221980187136 9905938757515399983907471360
18446744073709551616 71784153106351308818765951459114615808 19811877515030799967814942720
18451247673336922112 98037210829116470207219767196748789841920 4835703567251842803957760
36893488147419103232 294003976702358764139314940252025889228800 39614083622927096250021969920
9007199254740992 245051156390923950668052435785015523016704 9671407134503685607915520
27670116110564327424 5841333965851681082168276626179072 29710562717195322187516477440
6755399441055744 11963051962064242856280630530414739456 7253555350877764205936640
18448995873523236864 11968893296030094537362798807040918528 9908356609299025905309450240
55353743020010766336 98001321673230277478650925305157545623552 59421125434390644375032954880
13510798882111488 47852207848256971425122522121658957824 59435632545092399903444828160
18460254872591663104 98049173881078534450076047827279204581376 59425961137957896217836912640
46128119183342305280 49000660836615138739325462652578772811776 12089258918129607009894400
46116860184273879040 11682667931703362164336553252358144 49529693787576999919537356800
46119111984087564288 49000672519283070442687626989132025169920 9915610164649903669515386880
10378826816252022785 591448837631177131520 1152921504608944128
2533274790395905 144572928512494080 1153202979585655296
20752587082923253760 866450484511114240 2306405959171310592
20757653632504045570 1183330653732968857600 562949953422336
41505174165846507520 3548692532243780864000 4611686018435776512
10133099161583620 2957821246011730821120 1125899906844672
31128880624384880640 70506183132160 3458764513826832384
7599824371187715 144396663054663680 844424930133504
20755120357713649665 144467169237795840 1153484454562366464
62272960897512136710 1182897463743804866560 6917529027653664768
15199648742375430 577586652218654720 6919217877513931776
20767786731665629190 1183475050396023521280 6918091977607087104
51894134081260113925 591448731871902433280 1407374883555840
51881467707308134400 141012366264320 5766014897928276480
51884000982098530305 591448872884268697600 1154328879492499968
10378831765262602313 591448837622587195392 2097152
2533275998355529 144572928510394368 2097664
20752596978528493568 866450484498530304 4195328
20757663530525204626 1183330653715782696960 1024
41505193957056987136 3548692532192241254400 8388608
10133103993422116 2957821245968772759552 2048
31128895467792740352 70506183131136 6291456
7599827995066587 144396663052566528 1536
20755130254526849097 144467169235697664 2098176
62272990591575613878 1182897463726624997376 12582912
15199655990133174 577586652210266112 12585984
20767796634518626742 1183475050378835263488 12583936
51894158826313011565 591448731863312498688 2560
51881492446321233920 141012366262272 10488320
51884025722319589449 591448872875678760960 2099712
10378862077952393728 8589936128 664082786653545955328
2533283397108224 2099712 664244916240131293696
20752657589110571008 12583936 1328489832480262587392
20757724155904787456 17186160640 324259173170676736
41505315178221142016 51539609600 2656331146614183821312
10133133588432896 42958061568 648518346341353472
31128986383665856512 1024 1992248359960637865984
7599850191324672 2097152 486388759756015104
20755190872507679232 2098176 664407045826716632064
62273172467714362368 17179869184 3984496719921275731968
15199700382649344 8388608 3985469497440787762176
20767857289493220352 17188257792 3984820979094446408704
51894310389761968640 8589934592 810647932926691840
51881643972776427520 2048 3321224581200656468480
51884177256173535744 8589936640 664893434586472647168
73804990693347688448 2793038167162315640300420465902358668247064 10376294091217436672
18014398509481984 682726351937866248325900992927705890856 10378827366142050304
147573952589676412928 4091696727122379090795902122452366589968 20757654732284100608
147609981386695376896 5588121017342066265546449006907165052600320 5066549849227264
295147905179352825856 16758226672281641432602943043496595075104800 41505176364869746688
72057594037927936 13967915914488698643496456553689611828854784 10133099698454528
221360928884514619392 332956036058457082821702508133482512 31128882273652310016
54043195528445952 681893961847720105618846736657372184576 7599824773840896
147591966988185894912 682226917883778562701668439165505667088 10381360641066663936
442829944160086130688 5586075335456523105229592466697192936046592 62257764547304620032
108086391056891904 2727575847390880422475386946629488738304 62272964196852301824
147682038980733304832 5588802911303913985652067853643822424784896 62262831097153847296
369024953466738442240 2793037667728261552614796233348596468023296 12666374623068160
368934881474191032320 665912072116914165643405016266965024 51894136830710251520
368952895872700514304 2793038333640333669528961876753612734988320 10388960465840504832
74958193672931250177 713053590132274075822450540568 1152921504606879744
18295873486192641 174297824516235735192338472 1153202979583590408
149879795598890115072 1044596910743731260560179216 2306405959167180816
149916387345862500354 1426629181210831596487532707840 562949953421328
299759591197780230144 4278320945775467613359406317600 4611686018427518976
73183493944770564 3565963654413993218114779742208 1125899906842656
224819693398335172608 85002596691653613846544 3458764513820639232
54887620458577923 174085318024506601157722112 844424930131992
149898091472376307713 174170320621198254771568656 1153484454560301072
449749162037587501062 1426106925256758076684059541504 6917529027641278464
109775240917155846 696341272098026404630888448 6919217877501542448
149989570839807270918 1426803266528856103088690429952 6918091977594699792
374790968364656250885 713053462628379038342029770752 1407374883553320
374699488997225287680 170005193383307227693088 5766014897917952040
374717784870711480321 713053632633572421649257463840 1154328879490433064
590439925546783605248 2836594317916007226012532171533435644411904 9903520914955146649116082176
144115188075856384 693373156646136980978635042879193481216 9905938766741024370465964032
1180591620717415497728 4155504863215985056935599142620048130048 19811877533482048740931928064
1180879851093567210496 5675265204744457235346298089859517534699520 4835703571755442699763712
2361183241434830995456 17019563540457712937660724923643286310092800 39614083659820586596464328704
576460752303425536 14185739164610794631950405133945376105037824 9671407143510885399527424
1770887431076123246592 338148332916916352586508189650911232 29710562744865439947348246528
432345564227569152 692527785813844690097168772405066203136 7253555357633164049645568
1180735735905491354112 692865934146761606449755280594717114368 9908356618526902091815845888
3542639553280701631488 5673187621387015701276006583542302336090112 59421125489730879894696493056
864691128455138304 2770111143255378760388675089620264812544 59435632600446146222795784192
1181456311845870636032 5675957732530271080036395258631922600902656 59425961193302635337396256768
2952199627733918026240 2836593810693507850638003291771151168045056 12089258929388606749409280
2951479051793538744320 676296665833832705173016379301822464 49529693833705121852329820160
2951623166981614600704 2836594486990173684470708464787530469867520 9915610173884535255865491456
599665549383452066304 49000669598616087516256789989073300226048 10058263419865818633722691584
146366987889541632 11977655296978872058841760112041787392 10060719050583559312100065288
1199038364791125049344 71784153106351308817901189961902718976 20121438101167118624200130576
1199331098766904132608 98037210829116470206038743230449964810240 4911261435481356754747408
2398076729582250098688 294003976702358764135773165249084627353600 40233053679463274534890766336
585467951558166528 245051156390923950665100380272426733273088 9822522870962713509494816
1798557547186687574016 5841333965851681082097907882000384 30174790259597455901168074752
439100963668624896 11963051962064242856136515342336786432 7366892153222035132121112
1199184731779014590976 11968893296030094537218613250218786816 10063174681301299990477438992
3597993296300712397824 98001321673230277477470333684422954450944 60349580519194911802336149504
878201927337249792 47852207848256971424546061369347145728 60364314303501355872600391728
1199916566718462299136 98049173881078534448894879745792301596672 60354491780630393159090896912
2998327746917260331520 49000660836615138738735166842211477225472 12278153588703391886868520
2997595911977812623360 11682667931703362164195815764000768 50303595252917796560500326440
2997742278965702164992 49000672519283070442097331038027241226240 10070541573454522025609560104
664244916240131293696 2793038167161681814886969555612738697297920 600672139634297274368
162129586585338368 682726351937711316926331005607534919680 600818788105887678976
1328165573307091910656 4091696727121450560208574361331868631040 1201637576211775357952
1328489832480262587392 5588121017340798150718706045488064993689600 293296943180809216
2656331146614183821312 16758226672277838480651142627840275513344000 2402688558537189097472
648518346341353472 13967915914485528898025866337495731950059520 586593886361618432
1992248359960637865984 332956036058381524957976593810063360 1802016418902891823104
486388759756015104 681893961847565363113936064123009761280 439945414771213824
1328327702893677249024 682226917883623744638894040716819824640 600965436577478083584
3985469497440787762176 5586075335455255454629364237295695964405760 3604032837805783646208
972777519512030208 2727575847390261452455744256492039045120 3604912728635326073856
1329138350826603940864 5588802911302645716081819981552188003450880 3604326134748964455424
3321224581200656468480 2793037667727627727314682118647847982202880 733242357952023040
3320413933267729776640 665912072116763049915953187620126720 3004093940529438394880
3320576062854315115008 2793038333639699844077732034601035602329600 601405381992249297408
664244921189141578240 40564826460858258535669550809088 35734129999872
162129587793297920 9915609572479188490940055552 35742854152704
1328165583202696560640 59425957588976711711856787456 71485708305408
1328489842378283156480 81159348975549530822386584125440 17448305664
2656331166405393121280 243388924915226602004400413081600 142936519999488
648518351173191680 202863710117773836408269284835328 34896611328
1992248374804044840960 4835703278458516698824704 107202389999616
486388763379893760 9903520314283042199192993792 26172458496
1328327712790489858560 9908356017561500715891818496 35751578305536
3985469527134849469440 81129638414606681695789005144064 214404779999232
972777526759787520 39614081257132168796771975168 214457124916224
1329138360729456348160 81169252495863813864585777119232 214422228304896
3321224605945707891200 40564819207303340847894502572032 43620764160
3320413958006741401600 9671406556917033397649408 178714270763520
3320576087594534699520 40564828878709897764927900221440 35777750764032
664244951501829571072 2793038167121116988426111297077069146488832 664082822387673858048
162129595192050176 682726351927795707353851817116594864128 664244951982983348736
1328165643813275041792 4091696727062024602619597649620011843584 1328489903965966697472
1328489903003659142144 5588121017259638801743156514665678409564160 324259190618981376
2656331287626550083584 16758226672034449555735916025835875100262400 2656331289550695432192
648518380768200704 13967915914282665187908092501087462665224192 648518381237962752
1992248465719912562688 332956036053545821679518077111238656 1992248467163021574144
486388785576150528 681893961837661842799653021923816767488 486388785928472064
1328327773408467091968 682226917873715388621332540000928006144 664407081578292839424
3985469709010977426432 5586075335374125816214757555599906959261696 3984496934326043148288
972777571152301056 2727575847350647371198612087695267069952 3985469711897900092416
1329138421384427342848 5588802911221476463585956167687602226331648 3984821193516662129664
3321224757509147855360 2793037667687062908107378777799953479630848 810647976547453440
3320414109533187604480 665912072107091643359036154222477312 3321224759914916743680
3320576239128379654656 2793038333599135015199022136836107702108160 664893470364221311488
19347535480316936440512512 49000669598616087516321353604877363708120 1257282926186190636532629504
4722366482869645213696 11977655296978872058857541952191365480 1257589880025591561981001728
38685626227668133590597632 71784153106351308817995773250660663440 2515179760051183123962003456
38695070960633872881025024 98037210829116470206167917726764435865600 613907678801850896744448
77371252455336267181195264 294003976702358764136160546890032938484000 5029131704744762546130518016
18889465931478580854784 245051156390923950665423261344117474590720 1227815357603701793488896
58028439341502200385896448 5841333965851681082105604463394960 3771848778558571909597888512
14167099448608935641088 11963051962064242856152277941032878080 920861518202776345116672
38690348594151003235811328 11968893296030094537234383545496273040 1257896833864992487429373952
116085212881901618643075072 98001321673230277477599460892941337231360 7543697557117143819195777024
28334198897217871282176 47852207848256971424609111764131512320 7545539280153549371886010368
38713960426565351461879808 98049173881078534449024070004705468743680 7544311464795945670092521472
96737677401584682202562560 49000660836615138738799730446470668615680 1534769197004627241861120
96714065569170333976494080 11682667931703362164211208926789920 6287949400127957809905008640
96718787935653203621707776 49000672519283070442161894657679595405600 1258817695383195263774490624
19347536633519984760324096 9797895896 73786976294838206464
4722366764344638701568 2394984 73804990693347688448
38685628533511280243245056 14353552 147609981386695376896
38695073267039969520648192 19602964480 36028797018963968
77371257067022560486490112 58787367200 295147905179352825856
18889467057378554806272 48999038976 72057594037927936
58028442800266920364867584 1168 221360928884514619392
14167100293033916104704 2392064 54043195528445952
38690350900275624881946624 2393232 73823005091857170432
116085219801119908561944576 19595788288 442721857769029238784
28334200586067832209408 9568256 442829944160086130688
38713962734097348075454464 19605356544 442757886566048202752
96737683167599923801620480 9797894144 90071992547409920
96714071333778200608112640 2336 369024953466738442240
96718793700542545246814208 9797896480 73877048287385616384
19347544705975966073094656 49000669598616087516321353604884745684480 9903520388070018494031200256
4722368734678048834048 11977655296978872058857541952193169920 9905938239727262150890094592
38685644674482576048521216 71784153106351308817995773250671477760 19811876479454524301780189184
38695089411951932146189312 98037210829116470206167917726779205222400 4835703314487313717788672
77371289348965152097042432 294003976702358764136160546890077230336000 39614081552280073976124801024
18889474938712195336192 245051156390923950665423261344154391674880 9671406628974627435577344
58028467011723864072781824 5841333965851681082105604463395840 29710561164210055482093600768
14167106204034146502144 11963051962064242856152277941034680320 7253554971730970576683008
38690367043217254097355264 11968893296030094537234383545498076160 9908356091384505807748988928
116085268235855796438567936 98001321673230277477599460892956101181440 59421122328420110964187201536
28334212408068293004288 47852207848256971424609111764138721280 59435629438363572905340567552
38713978886890644341525504 98049173881078534449024070004720239902720 59425958031734598277904990208
96737723529879830365473280 49000660836615138738799730446478050590720 12089258286218284294471680
96714111686206440121303040 11682667931703362164211208926791680 49529691198636310754450472960
96718834054941118170137088 49000672519283070442161894657686977382400 9915609646356236778325671936
154780283842535491524132872 713053590216437360709272076483 19342813113834066795298816
37778931862957161709576 174297824536808491101458757 19347535480316936440512512
309485009821345068724846592 1044596910867027333404450946 38695070960633872881025024
309560567685070983048265744 1426629181379219779181945303040 9444732965739290427392
618970019642690137449693184 4278320946280447252449030308100 77371252455336267181195264
151115727451828646838304 3565963654834891757994260840448 18889465931478580854784
464227514732017603087269888 85002596701686657450114 58028439341502200385896448
113336795588871485128728 174085318045054274457833472 14167099448608935641088
309522788753208025886556168 174170320641755961115283586 19352257846799806085726208
928681703055212949144797232 1426106925425084616358571802624 116056878683004400771792896
226673591177742970257456 696341272180217097831333888 116085212881901618643075072
309711683412522811695104048 1426803266697264833456403136512 116066323415970140062220288
773901419212677457620664360 713053462712542308179285901312 23611832414348226068480
773712524553362671812116480 170005193403373314900228 96737677401584682202562560
773750303485225628973826056 713053632717735711552600801540 19366424946248415021367296
154780293068159878082592768 673306279086921875456 9903520314283042199192993792
37778934114757109612544 164582047271092224 9905938165922271457542406144
309485028268090241945960448 986368582742966272 19811876331844542915084812288
309560586136319756165185536 1347105461539994337280 4835703278458516698824704
618970056536180483891920896 4039837112671089459200 39614081257132168796771975168
151115736459028438450176 3367188318997589262336 9671406556917033397649408
464227542402135362918940672 80264348827648 29710560942849126597578981376
113336802344271328837632 164381386399023104 7253554917687775048237056
309522807202204999055572992 164461650747850752 9908356017561500715891818496
928681758408959268495556608 1346612317380797267968 59421121885698253195157962752
226673604688542657675264 657525545596092416 59435628995533628745254436864
309711701872778784603635712 1347269842926393360384 59425957588976711711856787456
773901465340799390412963840 673306158690398633984 12089258196146291747061760
773712570670225604864901120 160528697655296 49529690829611357287712030720
773750349604340361974513664 673306319219096289280 9915609572479188490940055552
174127819322852427964645384 73786989490068259011 19342813113834066795560960
42501298345826806923272 18036388742304069 19347535480316936440774720
348170636049013202315444224 108095187151511682 38695070960633872881549440
348255638645704855929290768 147627995787386695680 9444732965739290427520
696341272098026404630888448 442721875367758397700 77371252455336267182243840
170005193383307227693088 369006939073682620416 18889465931478580855040
522255954073519803473166336 8796093022338 58028439341502200386682880
127503895037480420769816 18014398509748224 14167099448608935641280
348213137347359029122367496 18023194602770562 19352257846799806085988480
1044766915937114567787872304 147573952591857451008 116056878683004400773365760
255007790074960841539632 72057594038992896 116085212881901618644648320
348425643839088163156983856 147646010185896443904 116066323415970140063793280
870639096614262139823226920 73786976295928725504 23611832414348226068800
870426590122533005788610560 17592186044676 96737677401584682203873600
870469091420878832595533832 73786993888114770180 19366424946248415021629760
174127819322856895821418569 1090519235 262144
42501298345827897442377 266565 262208
348170636049022135847952384 1597570 524416
348255638645713791642837138 2181836800 128
696341272098044271695904768 6543114500 1048576
170005193383311589769508 5453660160 256
522255954073533203771928576 130 786432
127503895037483692327131 266240 192
348213137347367963745394761 266370 262272
1044766915937141374928511414 2181038080 1572864
255007790074967384654262 1064960 1573248
348425643839097103232606646 2182103040 1572992
870639096614284479107092845 1090519040 320
870426590122555339619880960 260 1311040
870469091420901167517323337 1090519300 262464
174127819322888170818765312 73786989488977739776 11141460353568422474092380160
42501298345835531076096 18036388742037504 11144180436662555389735469120
348170636049084670575378432 108095187149914112 22288360873325110779470938240
348255638645776341637530624 147627995785204858880 5440166188265831286177920
696341272098169341150756864 442721875361215283200 44565841414273689896369520640
170005193383342124304384 369006939068228960256 10880332376531662572355840
522255954073627005863067648 8796093022208 33424381060705267422277140480
127503895037506593228288 18014398509481984 8160249282398746929266880
348213137347430506106454528 18023194602504192 11146900519756688305378558080
1044766915937329024912591872 147573952589676412928 66848762121410534844554280960
255007790075013186456576 72057594037927936 66865082619975332338412814720
348425643839159683761835008 147646010183714340864 66854202287598800675840458880
870639096614440854093826560 73786976294838206464 13600415470664578215444800
870426590122711676438446080 17592186044416 55720902183312776948677345600
870469091421057511969522176 73786993887024250880 11155060769039087052307824960
1238242270740283932192800768 353893724884598394116188730424727605084160 174085318024507150913503232
302231454903657293676544 86505288257352903021084125055040880640 174127819322852977854644224
2475880078570760549798248448 518441105776449561192929925774882897920 348255638645705955709288448
2476484541480567864385601536 708046522666143096048740532106203811020800 85002596691653882281984
4951760157141521099596496896 2123362053995706530768665595136087949312000 696341272098028603654012928
1208925819614629174706176 1769813907296311797371861020093163985960960 170005193383307764563968
3713820117856140824697372672 42187411976275495255344611097313280 522255954073521452740509696
906694364710971881029632 86399819727412214282945763527297597440 127503895037480823422976
2476182310025664207091924992 86442007139388489778201108138394910720 174170320621198804795785216
7429453624441703593156804608 707787323206960859405891694815621918228480 1044511908147042905481019392
1813388729421943762059264 345599278909648857131783054109190389760 1044766915937117867127865344
2477693467300182493560307712 708132922485870508263023477869731108618240 1044596910743734559363301376
6191211353701419660964003840 353893661603480429702945847407810959114240 212506491729134705704960
6189700196426901374495621120 84374823952550990510689222194626560 870639096614264889273221120
6190002427881805031789297664 353893745978304382253936358097033153740800 174297824516236285619208192
1238242344545279024660742144 46269255181916451142248081391616 549755813888
302231472918056876900352 11309992168609074372478500864 549890031616
2475880226144721935567683584 67782732874926561796336648192 1099780063232
2476484689090558049321484288 92572382425236183594284697518080 268435456
4951760452289443871135367168 277615492481430342911269221171200 2199023255552
1208925891672227507601408 231391419353085782153182153015296 536870912
3713820339217082903351525376 5515724051991745609596928 1649267441664
906694418754170630701056 11296202858479095008454508544 402653184
2476182457617639992444583936 11301718582531086754064105472 550024249344
7429454067271674147964452864 92538493816660746309259333992448 3298534883328
1813388837508341261402112 45184811433916380033818034176 3299340189696
2477693614982230276829085696 92583678628094662689293152026624 3298803318784
6191211722726395123303710720 46269246908330373154629666996224 671088640
6189700565361804838919208960 11031448103983491219193856 2749450158080
6190002796834722895796109312 46269257939778477138120886190080 550426902528
1238242861180210028866437632 353893724919458791855988796353818625310720 9903520314283042748948807680
302231599018845503750656 86505288265874129997433427664442490880 9905938165922272007432437760
2475881259162382366725373952 518441105827518743495956787402259824640 19811876331844544014864875520
2476485722360420057732875264 708046522735889411574603410156692281753600 4835703278458516967260160
4951762518324764733450747904 2123362054204868888117688456233619554304000 39614081257132170995795230720
1208926396075382015002624 1769813907470647798254322910756520402616320 9671406556917033934520320
3713821888743573550088060928 42187411980431177760269898885365760 29710560942849128246846423040
906694797056536511251968 86399819735923052053032752917229076480 7253554917687775450890240
2476183490761401212229124608 86442007147903483230793022816114442240 9908356017561501265916067840
7429457167081260173198625792 707787323276681642418444311897940594524160 59421121885698256493692846080
1813389594113073022503936 345599278943692208212131011668916305920 59435628995533632044594626560
2477694648756495439747877888 708132922555625334626656442909609510830080 59425957588976715010660106240
6191214305901050144332188160 353893661638340821209222155948970297262080 12089258196146292418150400
6189703147905955916813434880 84374823960862355520539797770731520 49529690829611360037162188800
6190005379504974762317185536 353893746013164782071577676488768067993600 9915609572479189041366958080
1393022554582819423716933640 713053590141497449508438540288 19342813113834066795331584
340010386766614455386120 174297824518490283785060352 19347535480316936440545288
2785365088392105618523095040 1044596910757243158953721856 38695070960633872881090576
2786045109165638847433867280 1426629181229285095960414781440 9444732965739290427408
5570730176784211237046190080 4278320945830807847778752921600 77371252455336267181326336
1360041547066457821544480 3565963654460119085497637142528 18889465931478580854816
4178047632588158427784642560 85002596692753125474304 58028439341502200385994752
1020031160299843366158360 174085318026758400971374592 14167099448608935641112
2785705098778872232978481160 174170320623451154096848896 19352257846799806085758992
8358135327496916542301601840 1426106925275204820757500657664 116056878683004400771989504
2040062320599686732316720 696341272107033603885498368 116085212881901618643271728
2787405150712705305255411760 1426803266547311854361386156032 116066323415970140062416912
6965112772914097118584668200 713053462637602410378750328832 23611832414348226068520
6963412720980264046307737600 170005193385506250948608 96737677401584682202726440
6963752731367030660763123720 713053632642795795885001277440 19366424946248415021400104
1393022629541013096648446025 713053590132274075822316322816 32768
340010405062487941578825 174297824516235735192305664 32776
2785365238271901217413734400 1044596910743731260559982592 65552
2786045259082026193296892050 1426629181210831596487264174080 16
5570730476543802434827468800 4278320945775467613358601011200 131072
1360041620249951766315300 3565963654413993218114108522496 32
4178047857407851826120601600 85002596691653613846528 98304
1020031215187463824736475 174085318024506601157689344 24
2785705248676963705355313225 174170320621198254771535872 32784
8358135777246078579890676150 1426106925256758076683791106048 196608
2040062430374927649472950 696341272098026404630757376 196656
2787405300702276145063207350 1426803266528856103088421863424 196624
6965113147705065483242230125 713053462628379038341895553024 40
6963413095679753043534336000 170005193383307227693056 163880
6963753106084815531475914825 713053632633572421649123246080 32808
1393023154248368807168967168 9223373686122217472 10058262819193714733555417088
340010533133602344927744 2254548592754688 10060718449764806949066539016
2785366287430470409648078848 13511898393739264 20121436899529613898133078032
2786046308496737614337934336 18453499473150607360 4911261142184431022243856
5570732574860940819296157696 55340234420151910400 40233051276774858934221668352
1360042132534409379710976 46125867383528620032 9822522284368862044487712
4178049431145705614472118272 1099511627776 30174788457581144200666251264
1020031599400807034783232 2251799813685248 7366891713276646533365784
2785706297963604011993006592 2252899325313024 10063174080335899164577660944
8358138925490212843013803008 18446744073709551616 60349576915162288401332502528
2040063198801614069566464 9007199254740992 60364310698588841694399234096
2787406350629272023717645312 18455751272964292608 60354488176304472832354746384
6965115771241844035844835840 9223372036854775808 12278152855461077555609640
6963415718576176024120197120 2199023255552 50303592248824034745332695080
6963755729109309626465124864 9223374235878031360 10070540972049175811111026728
9905938165922271457544503808 397449875638289979828281989308432605249560 1412025431096863720650833920
2417851639229258349412864 97152092965623635673813665909343027240 1412370163868127603395133440
19807040628566084398390181888 582249241870055527332599922145777352720 2824740327736255206790266880
19811876331844542915089007616 795190710068534065848552708059610528972800 689465542527765488599040
39614081257132168796780363776 2384698922171778035826336794813940491092000 5648101724387454882603335680
9671406556917033397651456 1987637157418407785825717348614162547343360 1378931085055530977198080
29710560942849126597585272832 47379708834734765020148093591486480 4236076293290591161952501760
7253554917687775048238592 97033643693536798761263295675364311040 1034198313791648232898560
19809458480205313656739594752 97081023402371533526283443768955797520 1412714896639391486139432960
59435628995533628745267022848 794899609137453455452268918172584436039680 8472152586581182323905003520
14507109835375550096477184 388134574774147195045053182701457244160 8474220983208765620370800640
19821547738401459948486659072 795287743712227602647313971355285893283840 8472842052123710089393602560
49529690829611357287722519040 397449804568726727726134459086292218019840 1723663856319413721497600
49517601571415210995975454720 94759417669469530040296187182972960 7061850819340638016975667200
49520019423054440254324867584 397449899328144397195664499382479400992800 1413749094953183134372331520
9905938239727262219628446208 2793038167126187591733718579394027974557720 73786976844594020352
2417851657243656875672064 682726351929035158550411715677962403880 73804991243237720064
19807040776140037125505548288 4091696727069452847318219738583994138640 147609982486475440128
19811876479454524439256892416 5588121017269783720365100206018477001113600 36028797287399424
39614081552280074251011096576 16758226672064873171350319351086425957204000 295147907378376081408
9671406628974627502688256 13967915914308023151672814230638496997048320 72057594574798848
29710561164210055688258322432 332956036054150284589325391698591760 221360930533782061056
7253554971730970627016192 681893961838899782838938402198715924480 54043195931099136
19809458627797280782381220352 682226917874953933123527727590414516240 73823005641881419776
59435629438363573317770677248 5586075335384267021016583390811880853340160 442721861067564122112
14507109943461941254032384 2727575847355599131355753608794863697920 442829947459426320384
19821547886083499066759580672 5588802911231622620147939144420675717038080 442757889864851521536
49529691198636311098142231040 2793037667692133510508291695405940426670080 90071993218498560
49517601940350092813763870720 665912072108300569178650783397183520 369024956216188600320
49520019792007336470639542784 2793038333604205618808860874056723823853600 73877048837812518912
9905938756362232197285937152 3179599005065755012165397655931790217445376 9903520388070019043787014144
2417851783344455015202816 777216743715073475818030138783803899904 9905938239727262700780126208
19807041809157775484541468672 4657993934901018261071822665454360461312 19811876479454525401560252416
19811877512724464394571874304 6361525680467113177812872133654495499386880 4835703314487313986224128
39614083618315550969082937344 19077591377130835361695467756507117073203200 39614081552280076175148056576
9671407133377820060811264 15901097259144398576487964952505025724153856 9671406628974627972448256
29710562713736663226812203008 379037670673042416882726232033067008 29710561164210057131361042432
7253555350033365045608448 776269149538390869775823323203721232384 7253554971730970979336192
19809459660941119939556671488 776648187209063912192706049435754299392 9908356091384506357773238272
59435632538173393183715622912 6359196873018498005203544663684884335689728 59421122328420114262722084864
14507110700066730091216896 3105076598153563479103293292814884929536 59435629438363576204680757248
19821548919857842214632685568 6362301949616651568682647956977699220619264 59425958031734601576708308992
49529693781811160986429685760 3179598436509249002601772331842442167844864 12089258286218284965560320
49517604522894438711353671680 758075341346084833765452464066134016 49529691198636313503900631040
49520022374677783166368874496 3179599194584590348686606097294906233978880 9915609646356237328752574464
9925285701402588393985016320 49000669598616087516247566615387312226328 1412025440320235207749828608
2422574005712127994626560 11977655296978872058839505563449065512 1412370173093750890173595656
19845726254793752531980779520 71784153106351308817887678063509176336 2824740346187501780347191312
19850571402805176787970032640 98037210829116470206020289730977082736640 689465547031364847534096
39691452509587505063961559040 294003976702358764135717825014665280749600 5648101761280940830999314432
9690296022848511978506240 245051156390923950665054254405043875872768 1378931094062729695068192
29768589382190628797971169280 5841333965851681082096808370372624 4236076320960705623249485824
7267722017136383983879680 11963051962064242856134263542523133952 1034198320547047271301144
19848148828799464659975406080 11968893296030094537216360350893506576 1412714905867266572597362704
59551714208415530363910097920 98001321673230277477451886940349513334784 8472152641921411246498971648
14535444034272767967759360 47852207848256971424537054170092535808 8474221038562505341041573936
19860261698828025299948538880 98049173881078534448876423994519605870592 8472842107468442611346505744
49626428507012941969925081600 49000660836615138738725943470174756667392 1723663867578412118835240
49614315636984381329951948800 11682667931703362164193616740745248 7061850865468754450867978280
49616738210990093457946575360 49000672519283070442088107663791497412640 1413749104187813619868663848
9925285776360782066916262400 134217752 83010348331693015040
2422574024008001480819200 32808 83030614530016182280
19845726404673548130870886400 196624 166061229060032364560
19850571552721564133832524800 268533760 40532396646334480
39691452809347096261741772800 805306400 332041393326772060160
9690296096032005923276800 671219712 81064793292668960
29768589607010322196306329600 16 249031044995079045120
7267722072024004442457600 32768 60798594969501720
19848148978697556132351705600 32784 83050880728339349520
59551714658164692401497574400 268435456 498062089990158090240
14535444144048008884915200 131072 498183687180097093680
19860261848817596139755801600 268566528 498102622386804424720
49626428881803910334581312000 134217728 101330991615836200
49614316011683870327177216000 32 415153072650080911400
49616738585707878328658035200 134217760 83111679323308851240
9925286301068137777434984960 49000669598616087516247566615387178008576 10058262902204063065248399360
2422574152079115884167680 11977655296978872058839505563449032704 10060718532795421479082688520
19845727453832117323101634560 71784153106351308817887678063508979712 20121437065590842958165377040
19850572602136275554869969920 98037210829116470206020289730976814202880 4911261182716827668578320
39691454907664234646203269120 294003976702358764135717825014664475443200 40233051608816252260993597440
9690296608316463536670720 245051156390923950665054254405043204653056 9822522365433655337156640
29768591180748175984652451840 5841333965851681082096808370372608 30174788706612189195745198080
7267722456237347652503040 11963051962064242856134263542523101184 7366891774075241502867480
19848150027984196438985802240 11968893296030094537216360350893473792 10063174163386779892916977680
59551717806408826664609909760 98001321673230277477451886940349244899328 60349577413224378391490396160
14535444912474695305006080 47852207848256971424537054170092404736 60364311196772528874496131120
19860262898744592018406640640 98049173881078534448876423994519337304064 60354488674407095219158974480
49626431505340688887174924800 49000660836615138738725943470174622449664 12278152956792069171445800
49614318634580293307754086400 11682667931703362164193616740745216 50303592663977107395413442600
49616741208732372423638254080 49000672519283070442088107663791363194880 10070541055160855134419845160
11144180436662555389737304576 353893724883964568702728596761421646135296 1412025357309891823859400704
2720083094132915643089408 86505288257197971621511883186277187584 1412370090063141309167960128
22282920707136844948188430336 518441105775521030605588652755991396352 2824740180126282618335920256
22288360873325110779474609152 708046522664874981220979117187630870036480 689465506498970617118848
44565841414273689896376860672 2123362053991903578816809839245349040947200 5648101429239567295437602816
10880332376531662572357632 1769813907293142051901224678031901249765376 1378931012997941234237696
33424381060705267422282645504 42187411976199937391617597262266368 4236076071929675471578202112
8160249282398746929268224 86399819727257471778032839193121521664 1034198259748455925678272
22285640790230977863831519744 86442007139233671715424456790383788032 1412714822816390794476519552
66865082619975332338423827456 707787323205693208805645018670051505471488 8472152143859350943156404224
16320498564797493858536448 345599278909029887112131356772486086656 8474220540378847855007760768
22299241205701642442046966784 708132922484602238692757150026823991558144 8472841609365849913773523072
55720902183312776948686522880 353893661602846604402822509335025752735744 1723663766247426542797120
55707301767842112370471075840 84374823952399874783235194524532736 7061850450315706545839800640
55710021850936245286114165248 353893745977670556802697292570220277268480 1413749021076139250402197824
11144180436662559857593811456 5070603307607282316958693851136 4947802587136
2720083094132916733608448 1239451196559898561367506944 4949010546752
22282920707136853881720406016 7428244698622088963982098432 9898021093504
22288360873325119715187622912 10144918621943691352798323015680 2415919232
44565841414273707763440812032 30423615614403325250550051635200 19791210348544
10880332376531666934433792 25357963764721729551033660604416 4831838464
33424381060705280822580609024 604462909807314587353088 14843407761408
8160249282398750200825344 1237940039285380274899124224 3623878848
22285640790230986798454014464 1238544502195187589486477312 4950218506368
66865082619975359145562868736 10141204801825835211973625643008 29686815522816
16320498564797500401650688 4951760157141521099596496896 29694063280512
22299241205701651382122056704 10146156561982976733073222139904 29689231442048
55720902183312799287969057280 5070602400912917605986812821504 6039798080
55707301767842134704301015040 1208925819614629174706176 24745052733760
55710021850936267621034623488 5070603609838737220615987527680 4953842385216
11144180436662591132589359616 353893724878893965395121314444462952284160 11141460353568427421894705152
2720083094132924367241728 86505288255958520424951984624909680640 11144180436662560338745753664
22282920707136916416444235776 518441105768092785906966563792009297920 22288360873325120677491507328
22288360873325182265178719232 708046522654730062599035425834832547020800 5440166188265833702097024
44565841414273832832888471552 2123362053961479963202406513994798989312000 44565841414273709687578820608
10880332376531697468966912 1769813907267784088136502948480867589160960 10880332376531667404194048
33424381060705374624666353664 42187411975595474481810282674913280 33424381060705282265684115456
8160249282398773101725184 86399819726019531738747458918222397440 8160249282398750553145536
22285640790231049340811477504 86442007137995127213229269200897310720 11146900519756693255596802176
66865082619975546795536157696 707787323195552004003819183458077879828480 66848762121410564531368230912
16320498564797546203450368 345599278904078126954989835672889589760 66865082619975362032474521984
22299241205701713962647686144 708132922474456082130774173293750769418240 66854202287598830365070327936
55720902183312955662946798080 353893661597776002001909591729038939914240 13600415470664584255242560
55707301767842291041110589440 84374823951190948963620565349826560 55720902183312801693728768320
55710021850936423965477831168 353893745972599953192858555349604289740800 11155060769039092006149947712
